67466
49671
3518
2907
1580
1394
1307
1175
1015
931
928
836
672
575
496
252
198
11
1351
418
347
99
98
84
66
62
25
23
22
19
16
14
14
12
10
8
5
5
4
0
-
1272
274
157
156
139
91
76
58
57
53
39
35
32
31
26
19
17
7
5
-
1215
504
169
157
146
55
45
42
36
25
14
12
10
-
1018
242
156
102
82
80
76
60
48
44
40
39
36
8
5
990
174
160
155
108
83
69
41
38
34
29
27
27
17
13
9
6
935
230
130
123
118
106
76
72
33
22
18
6
1
758
260
60
49
47
47
44
38
38
37
35
30
24
18
16
15
631
93
87
79
66
55
51
48
40
37
27
23
13
12
576
118
28
25
23
23
22
22
21
21
21
20
20
18
17
17
15
15
14
14
10
10
10
9
9
9
7
6
5
5
4
4
4
2
2
2
1
1
1
1
539
144
78
42
39
30
24
24
22
22
18
17
16
13
12
9
8
7
6
4
3
1
481
198
52
47
46
43
26
17
15
15
14
5
2
1
418
72
63
53
43
39
29
19
16
14
13
10
7
7
4
3
1
25
-
339
61
21
19
18
16
14
13
11
9
9
9
7
6
6
4
4
1
111
-
318
58
48
41
32
32
30
29
23
10
8
7
296
72
56
47
35
26
20
20
14
6
252
55
44
32
28
24
19
11
11
8
8
5
4
3
245
120
26
26
17
15
13
8
8
7
3
1
1
-
174
53
25
15
14
13
13
9
9
7
5
4
4
2
1
0
168
54
39
15
13
9
7
6
6
4
3
3
3
3
2
1
-
-
-
146
36
32
23
17
10
10
10
4
4
0
136
60
15
12
6
6
6
4
4
4
4
3
2
2
2
0
0
6
133
37
20
19
12
10
8
8
7
6
4
2
125
104
93
45
15
7
6
6
5
5
2
1
1
0
91
36
12
9
9
8
4
4
3
3
2
1
0
0
76
23
18
10
4
4
4
3
3
3
2
1
1
75
36
28
5
4
1
1
75
11
11
9
9
8
7
7
7
3
2
1
0
42
18
15
3
10
1
1
